timestamp,project_name,run_id,duration,emissions,emissions_rate,cpu_power,gpu_power,ram_power,cpu_energy,gpu_energy,ram_energy,energy_consumed,country_name,country_iso_code,region,cloud_provider,cloud_region,os,python_version,codecarbon_version,cpu_count,cpu_model,gpu_count,gpu_model,longitude,latitude,ram_total_size,tracking_mode,on_cloud,pue
2024-05-12T17:59:37,codecarbon,b4f477c9-eedf-4f2e-bcfd-11b2a0aeefa5,10.7432701587677,0.0002798632558553625,2.6050099431499732e-05,219.34888682613214,0.0,24.0,0.0006545654305963686,0,7.16183884938558e-05,0.0007261838190902244,Germany,DEU,,,,Linux-4.18.0-477.51.1.el8_8.x86_64-x86_64-with-glibc2.28,3.10.14,2.3.5,32,AMD EPYC 7763 64-Core Processor,,,,,64,machine,N,1.0
