386.53125