steps,returns
100000.0,-75754.84
200000.0,-225733.42
300000.0,-1395610.9
400000.0,-600481.25
500000.0,-2239675.0
600000.0,-3109656.0
700000.0,-4052313.2
800000.0,-120333260.0
900000.0,-119017340.0
1000000.0,-80138050.0
