419.3672