steps,returns
1000000,125.0
2000000,125.0
3000000,125.0
4000000,0.0
5000000,0.0
6000000,125.0
7000000,150.0
8000000,150.0
9000000,150.0
10000000,150.0
