steps,returns
1000000.0,984.375
2000000.0,0.0
3000000.0,3000.0
4000000.0,937.5
5000000.0,2000.0
6000000.0,1000.0
7000000.0,3000.0
8000000.0,0.0
9000000.0,2000.0
10000000.0,0.0
