-1237.3976