timestamp,project_name,run_id,duration,emissions,emissions_rate,cpu_power,gpu_power,ram_power,cpu_energy,gpu_energy,ram_energy,energy_consumed,country_name,country_iso_code,region,cloud_provider,cloud_region,os,python_version,codecarbon_version,cpu_count,cpu_model,gpu_count,gpu_model,longitude,latitude,ram_total_size,tracking_mode,on_cloud,pue
2024-05-12T17:50:20,codecarbon,df8094ca-66cd-4cd1-8f19-958a2ee93661,4.747300863265991,0.00012259308666346945,2.5823744943590815e-05,217.24158478498376,0.0,24.0,0.000286456705831847,0,3.164548873901367e-05,0.0003181021945708607,Germany,DEU,,,,Linux-4.18.0-477.51.1.el8_8.x86_64-x86_64-with-glibc2.28,3.10.14,2.3.5,32,AMD EPYC 7763 64-Core Processor,,,,,64,machine,N,1.0
