timestamp,project_name,run_id,duration,emissions,emissions_rate,cpu_power,gpu_power,ram_power,cpu_energy,gpu_energy,ram_energy,energy_consumed,country_name,country_iso_code,region,cloud_provider,cloud_region,os,python_version,codecarbon_version,cpu_count,cpu_model,gpu_count,gpu_model,longitude,latitude,ram_total_size,tracking_mode,on_cloud,pue
2024-05-12T17:57:37,codecarbon,6947abba-5e69-4f31-a59c-a3a8bd214f2c,4.835494041442871,0.0001488618161123359,3.07852341118627e-05,263.59461939416417,0.0,24.0,0.00035403051294640624,0,3.2233277956644695e-05,0.0003862637909030509,Germany,DEU,,,,Linux-4.18.0-477.51.1.el8_8.x86_64-x86_64-with-glibc2.28,3.10.14,2.3.5,32,AMD EPYC 7763 64-Core Processor,,,,,64,machine,N,1.0
