55.3125