-1134.9572