timestamp,project_name,run_id,duration,emissions,emissions_rate,cpu_power,gpu_power,ram_power,cpu_energy,gpu_energy,ram_energy,energy_consumed,country_name,country_iso_code,region,cloud_provider,cloud_region,os,python_version,codecarbon_version,cpu_count,cpu_model,gpu_count,gpu_model,longitude,latitude,ram_total_size,tracking_mode,on_cloud,pue
2024-05-12T17:57:24,codecarbon,845f135d-e396-48c7-b8d7-1812007eb4fa,6.659812927246094,0.00021567859967534035,3.238508379011268e-05,278.5323859302443,0.0,24.0,0.0005152431946942246,0,4.4395507176717125e-05,0.0005596387018709417,Germany,DEU,,,,Linux-4.18.0-477.51.1.el8_8.x86_64-x86_64-with-glibc2.28,3.10.14,2.3.5,32,AMD EPYC 7763 64-Core Processor,,,,,64,machine,N,1.0
