timestamp,project_name,run_id,duration,emissions,emissions_rate,cpu_power,gpu_power,ram_power,cpu_energy,gpu_energy,ram_energy,energy_consumed,country_name,country_iso_code,region,cloud_provider,cloud_region,os,python_version,codecarbon_version,cpu_count,cpu_model,gpu_count,gpu_model,longitude,latitude,ram_total_size,tracking_mode,on_cloud,pue
2024-05-12T17:53:01,codecarbon,9bdeb40d-df0b-4aa9-a5b7-fd878467067f,4.826888561248779,0.0001248714790507994,2.5869973475934885e-05,217.6780369289885,0.0,24.0,0.0002918383759705147,0,3.217574755350749e-05,0.0003240141235240222,Germany,DEU,,,,Linux-4.18.0-477.51.1.el8_8.x86_64-x86_64-with-glibc2.28,3.10.14,2.3.5,32,AMD EPYC 7763 64-Core Processor,,,,,64,machine,N,1.0
