timestamp,project_name,run_id,duration,emissions,emissions_rate,cpu_power,gpu_power,ram_power,cpu_energy,gpu_energy,ram_energy,energy_consumed,country_name,country_iso_code,region,cloud_provider,cloud_region,os,python_version,codecarbon_version,cpu_count,cpu_model,gpu_count,gpu_model,longitude,latitude,ram_total_size,tracking_mode,on_cloud,pue
2024-05-12T18:10:24,codecarbon,25ab5dfa-0768-4456-a675-80c890a32628,11.30162501335144,0.00029510871775710736,2.61120606468958e-05,219.92867718294875,0.0,24.0,0.0006904025384327015,0,7.533991336822509e-05,0.0007657424518009267,Germany,DEU,,,,Linux-4.18.0-477.51.1.el8_8.x86_64-x86_64-with-glibc2.28,3.10.14,2.3.5,32,AMD EPYC 7763 64-Core Processor,,,,,64,machine,N,1.0
