steps,returns
100000.0,-21149.352
200000.0,-20903.871
300000.0,-23804.557
400000.0,-17423.58
500000.0,-19091.816
600000.0,-16049.265
700000.0,-19060.37
800000.0,-17594.152
900000.0,-18894.578
1000000.0,-13216.979
